=== Task1_RandomForest ===
              precision    recall  f1-score   support

           1     0.8996    0.9758    0.9362       496
           2     0.9036    0.9151    0.9093       471
           3     0.9677    0.8571    0.9091       420
           4     0.9119    0.8859    0.8988       491
           5     0.8974    0.9211    0.9091       532
           6     1.0000    1.0000    1.0000       537

    accuracy                         0.9287      2947
   macro avg     0.9301    0.9258    0.9271      2947
weighted avg     0.9299    0.9287    0.9285      2947


=== Task1_sklearn_MLP ===
              precision    recall  f1-score   support

           1     0.9570    0.9879    0.9722       496
           2     0.9414    0.9554    0.9484       471
           3     0.9749    0.9262    0.9499       420
           4     0.9412    0.9124    0.9266       491
           5     0.9032    0.9474    0.9248       532
           6     0.9962    0.9721    0.9840       537

    accuracy                         0.9511      2947
   macro avg     0.9523    0.9502    0.9510      2947
weighted avg     0.9519    0.9511    0.9512      2947


=== Task2_CustomNN ===
              precision    recall  f1-score   support

           1     0.9404    0.9859    0.9626       496
           2     0.9608    0.9363    0.9484       471
           3     0.9707    0.9452    0.9578       420
           4     0.9572    0.8656    0.9091       491
           5     0.8666    0.9643    0.9128       532
           6     0.9962    0.9702    0.9830       537

    accuracy                         0.9454      2947
   macro avg     0.9486    0.9446    0.9456      2947
weighted avg     0.9476    0.9454    0.9455      2947

